mass4l |105|160| 2024
mass4l_zzfloating |105|160| 2024
Nj |0|1|2|3|4|5|15| 2024
pT4l |0|30|80|200|10000| 2024
pT4l_kL |0|45|80|120|200|1300| 2024
rapidity4l |0.0|0.15|0.3|0.6|0.9|2.5| 2024
costhetaZ1 |-1.0|-0.75|-0.50|-0.25|0.0|0.25|0.50|0.75|1.0| 2024
costhetaZ2 |-1.0|-0.75|-0.50|-0.25|0.0|0.25|0.50|0.75|1.0| 2024
phi |-3.14159265359|-2.35619449019|-1.57079632679|-0.785398163397|0.0|0.785398163397|1.57079632679|2.35619449019|3.14159265359| 2024
phi1 |-3.14159265359|-2.35619449019|-1.57079632679|-0.785398163397|0.0|0.785398163397|1.57079632679|2.35619449019|3.14159265359| 2024
costhetastarZZ |-1.0|-0.75|-0.50|-0.25|0.0|0.25|0.50|0.75|1.0| 2024
massZ1 |40|65|75|85|92|120| 2024
massZ2 |12|20|25|28|32|40|50|65| 2024
pTj1 |-100|30|55|100|1500| 2024
pTHj |-100|0|50|100|1500| 2024
mHj |-100|0|200|400|600|3000| 2024
pTj2 |-100|30|60|1500| 2024
mjj |-100|0|100|200|300|1500| 2024
absdetajj |-100|0|1.5|3.0|10.0| 2024
dphijj |-100|-3.14159265359|-1.5707963267948966|0|1.5707963267948966|3.14159265359| 2024
pTHjj |-100|0|20|40|60|1500| 2024
TCjmax |-2|15|20|30|50|80|1000| 2024
TBjmax |-2|30|45|75|150|1000| 2024
D0m |0.0|0.4|0.5|0.6|0.7|0.8|0.9|1.0| 2024
Dcp |-0.75|-0.25|-0.1|0|0.1|0.25|0.75| 2024
D0hp |0.0|0.35|0.4|0.45|0.55|0.65|0.75|1.0| 2024
Dint |0.0|0.7|0.8|0.9|0.95|1.0| 2024
DL1 |0.0|0.45|0.5|0.6|0.7|1.0| 2024
DL1Zg |0.0|0.35|0.45|0.5|0.55|0.65|1.0| 2024
rapidity4l vs pT4l |0|0.5|1.0|2.5| vs |0|40|80|150|1300| / |0|45|120|1300| / |0|45|120|1300| 2024
pTj1 vs pTj2 |-2|30| vs |-2|30| / |30|60| vs |30|60| / |60|350| vs |30|60| / |60|350| vs |60|350| 2024
pT4l vs pTHj |0|1500| vs |-2|0| / |0|85| vs |0|30| / |85|350| vs |0|45| / |0|85| vs |30|350| / |85|350| vs |45|350| 2024
massZ1 vs massZ2 |40|85| vs |12|35| / |40|70| vs |35|65| / |70|120| vs |35|65| / |85|120| vs |30|35| / |85|120| vs |24|30| / |85|120| vs |12|24| 2024
TCjmax vs pT4l |-2|15|25|40|1300| vs |0|15|30|45|70|120|1300| / |0|120|1300| / |0|120|1300| / |0|200|1300| 2024
absdetajj vs mjj |-100|0| vs |-100|0| / |0|2.5| vs |0|450| / |2.5|10| vs |450|2000| / |0|2.5| vs |450|1000| / |2.5|10| vs |0|450| 2024
ZZPt vs Nj |0|500| vs |2|10| / |0|500| vs |1|2| / |0|20| vs |0|1| / |20|500| vs |0|1| 2024
ZZy vs ZZPt |0|1| vs |0|25| / |0|1| vs |25|500| / |1|10| vs |0|500| 2024
